t,95a368affd1c2eb4bfc61e311d758df94437ef7b384cffb7cae5ff7f759a99b8,-89 10 91 101 -10 44 -111 39 77 -100 80 71 76 -81 -110 87 
t,4330822e87df7e4c2c3b0342f5283e550d65c164d21e6461f91e8c9ae9ff288e,-94 -55 63 -38 -49 44 -53 106 119 124 101 -106 76 60 87 -60 
t,fc334ecf813e377615db19c9762091ece72f7a5387579cafc6e0cc0bf3206a13,27 83 -59 -30 127 -43 -33 35 -49 -100 -35 24 -115 62 24 12 
t,9ba19d0fe02c14d29334ac82fcd7646d04d21e1219a50c8580e27ebf25b14dca,64 31 -19 2 42 63 -123 -9 -110 105 -38 -95 17 87 -122 111 
t,d14ff6d5972a52beba52009cf48854e983c50f1651a37c46ccdd4e99f995a4a7,42 93 -81 56 -102 25 82 90 -71 103 109 -45 -85 -39 1 56 
t,54a318764c276fc2d2fcc1010cf7e85a68d935bc2b9dc08c43663bc6a0b753ea,-87 78 -1 85 71 -87 7 54 42 32 -8 61 -100 126 63 -70 
t,85dbab0da37b76dfb6e5a050e7bd072c8540dc9b86a6aef5d1e2e52ca6361d74,-23 -86 73 -13 -37 77 38 42 32 -7 -91 -74 127 18 30 94 
t,9b89a7d19da99ffcdf060c7bf571421a93e84785f0b7a4059cce5a7c962dcef0,40 98 52 66 -54 -2 35 -58 -7 -49 62 73 -65 -53 -113 -120 
t,01c40c0ee50100ca60faefdfbc0689392c6692156c5574d9cbd27833d057f890,-13 -21 22 28 -78 -1 8 -123 6 -63 22 85 100 51 -16 70 
t,5bab84963308464cbe59cefeeda4eddaaf3a0ba969e178dc3ab6f65b5146d7f9,55 -2 -57 -46 109 90 -32 92 16 -119 -34 -52 53 -55 10 -85 
t,caf575b913bdece7084f7858f6f611618c6b07ab6a5e8c64b3f40fc1081e86dd,14 70 37 117 -105 -14 74 -54 49 99 -101 76 33 -26 -16 -1 
t,f260a26b94d9db3a124181fb5b1ed68d8a835bb610b0feb1a1a8a65c2491b1a2,104 -28 -120 107 74 -49 3 120 3 -9 -27 -36 -17 127 -97 110 
t,39d64b9150e4cf15f5e3f64c80877a491ce57097d6d8fe751d0a005f00a439fb,-88 -91 123 105 -33 -82 7 -29 7 -66 119 -54 -83 114 121 60 
t,758b3d6121ff0cf6d0227c08cd83fac8fc3ce24aa3fbea2692ee5b346ec820ac,-127 -81 90 -86 12 10 -71 -7 -44 -93 -122 35 42 -33 -57 57 
t,a956dbe7252ace43fdf510db030b777188a1d0d65e172a3d7f2031c4574578c0,-114 -13 -107 113 65 -33 102 -97 34 112 -116 75 -7 31 -118 -8 
t,eb833f7e07ff4cc67caefc907f4116077c8de2c20b38f1cbc339ddc8a65b7a02,122 91 17 -109 -68 27 20 116 124 67 118 108 110 -75 78 -60 
t,acf3c9f759266379fa9ccf3fbe51a2edbdf68f7f2e039b8936f180290318a030,123 45 -104 88 -80 -47 -48 -60 -11 115 -73 -22 17 41 -121 61 
t,b7e02362674074a87d8b5bdeae982d91af709fc4bdd3a51ef9a272108b4a4372,70 -58 -128 -109 -31 69 19 61 66 86 -2 106 18 -5 -14 35 
t,457532db38d89c6625825e736ee2a60dadc8aa354e5358d70ab656dbf974a060,123 -122 -40 87 44 -16 -31 -107 34 -85 -71 117 70 -73 -61 -110 
t,c9b8a3ba7a6e30ead544d1ea199fce541c83708e5a4e0e1baf0f316c995df2fc,74 127 12 -3 -122 10 -98 57 -41 -61 -8 -126 123 39 -27 127 
t,32bf490c9eca9ad48156e901711a74c574880dba15943ae65913356270616a5f,77 13 -46 57 21 -117 12 -54 -85 51 -77 20 -86 77 -34 110 
t,4e8b962779e8befbcda68b875969d35e84d5c206f070785d700599759cc31ba8,-106 -25 -124 20 -97 84 102 28 80 47 40 72 -61 -71 -80 8 
t,c677dd8b8a280de314eda0c30af199d204ddd6ec7d696e8985a6a180f850cee6,-71 -122 -38 -63 17 112 -109 -87 -40 69 66 1 72 93 -8 -85 
t,572c6c1315c6de7a5bad55a4df62ada4c3db25aeb141b30d7e103dc88900d1d7,101 108 34 -118 17 -91 -58 87 -49 124 -40 5 105 73 -66 102 
t,1fe5dec798ee7a7cdd823dbe76205025ec17c0963de1624d592cbc2042361509,85 -18 105 -94 62 64 -106 75 80 123 -70 124 -116 -93 35 -83 
t,711f4c4b27c3c1344bb260f06667397e3ed028f74f3475cd6bb863445adc9f22,23 85 -128 -33 -48 97 -30 84 96 78 -2 -106 -82 -92 -58 -41 
t,2be91ce6e6dd405f7e44ae51eecafd2a1855d3b202a9a079ad534b73137dbbc8,54 62 64 -3 96 18 -25 -16 103 20 -112 1 -14 43 82 12 
t,5b29a4ad1fda73a302b516445a5f5a20675b839047c387da6e26236f894128d4,97 98 51 103 57 -44 -125 -1 81 -22 4 90 72 28 -67 -50 
t,3c4966a2e14959ceb433343a546891a683755ef4088292ac2430c2bb357089ed,112 118 44 -127 108 29 -117 110 -120 12 -36 -58 -5 75 -31 -61 
t,8607d9813803dcd4fec21352e681f9ee82b8eccfa86eeb50df852b575c74979a,114 -94 -84 -114 -116 121 97 86 -17 32 -98 35 -1 80 24 -59 
1,6bb54da7d2a5a3bcdad7673dafe567989a5b06db5964ec4abfcc1234909cfd78,83 107 54 -33 23 46 -67 98 113 -111 -97 106 91 -86 35 44 
t,e6ca8b840a7699b8ecb7727653c1305abb9c9a8372d9c389434f504048b36c60,122 -81 -79 78 -15 106 96 -68 65 -121 15 -90 -5 -46 62 13 
1,1ae56cd451c9fb5d43ebd1057cbfdeebdf44fb5362cab9df842c642c3944a06d,7 -40 -73 125 -10 62 73 41 92 63 104 -42 -127 5 29 87 
t,1d1b5edbb0988db9ddbadf26918296ebe9b5812a176fd388b95113d0bb6d7768,-53 -51 -49 -17 -117 -97 -88 -34 -39 -125 -23 -55 -87 -99 14 75 
1,e22297a4a172665ec4dada5ece5b66cdcdc47f477295d1b4a92a2f618d205021,11 85 104 -37 -96 -115 -67 64 118 8 -28 53 62 0 -91 68 
t,1780794f81a30232154958d8c4f18b89b136ddbfdf75e25b27a2ac86b832c2be,114 1 59 51 -108 0 118 126 103 -89 -83 6 98 117 -34 -70 
1,4c5d9ef7f4d6f1553a8f2a4084fdc58dd0339762321fa0246ae3fef6d0a7730d,-10 -35 107 -45 -11 -56 5 -128 -5 -47 18 -19 95 -113 120 6 
t,b0e7ab3e17c0f144f65c76324c67645c99663934d5eb380598c893cd6d204e64,67 -21 56 30 -89 -15 -108 70 2 -95 -72 -97 -109 -9 42 -104 
1,bda6b9f218d6b57849956425dcb82603d54f927d36765ac9fc6d073137a3e651,-67 39 52 61 -31 -127 13 -54 -86 20 71 120 71 118 88 -110 
